100
3
15 20 60 75 80 100
4
9 9 12 12 12 15 16 20
4
984 1002 1312 1336 1359 1812 2664 3552
4
657 876 1137 1516 2340 2700 3120 3600
4
6530817 8707756 179085696 238780928 326855130 435806840 548860347 731813796
4
103206168 123593763 137608224 164791684 240109767 320146356 426544992 568726656
4
2268 3024 3024 4032 4032 5076 5376 6768
4
14472 14661 19296 19548 25728 26064 34304 34752
4
12 16 540 720 2463 2874 3284 3832
2
3 4 750000000 1000000000
4
1191 1588 1689 2252 2808 2850 3744 3800
4
13257 17676 22140 23568 29520 31424 39360 52480
4
207876744 277168992 564978615 589105287 591887052 753304820 785473716 789182736
4
1533 1788 2044 2384 2535 2775 3380 3700
4
549 732 1587 1683 2116 2244 2850 3800
4
10773 11448 14364 14364 15264 19152 19152 25536
4
123 164 1641 1911 2188 2548 2658 3544
4
957 1276 1368 1824 1911 2548 2712 3616
4
252 336 1674 2232 2457 2736 3276 3648
4
2238 2478 2718 2826 2984 3304 3624 3768
4
801 1068 1281 1708 1941 2289 2588 3052
4
244537536 326050048 526558935 563365344 681842655 702078580 751153792 909123540
1
3 4
4
189 252 255 340 435 580 1677 2236
4
5562 7416 9888 13184 16146 21528 28704 38272
4
7857 9369 10476 10476 12492 13968 13968 18624
4
143192910 190923880 388652700 518203600 577992630 594816222 770656840 793088296
4
15174 20232 26946 35928 35928 47904 47904 63872
4
1872 2088 2496 2619 2694 2784 3492 3592
4
483 644 1281 1413 1708 1884 2058 2744
4
318 330 424 440 2409 2526 3212 3368
4
40788846 54385128 154101081 162320652 205468108 216427536 676418568 901891424
4
1392 1856 2037 2118 2716 2805 2824 3740
4
1167 1374 1556 1800 1832 2400 2664 3552
4
9315 12420 13878 18504 18504 24672 24672 32896
4
4995 6660 8880 9477 11840 12636 16848 22464
4
102182760 136243680 226730760 302307680 321256758 428342344 590820003 787760004
4
600 800 864 1152 1566 2088 2508 3344
4
201 228 268 304 612 816 2517 3356
4
1392 1761 1856 2348 2361 2661 3148 3548
4
1272 1506 1696 1986 2008 2208 2648 2944
4
714 952 1911 2109 2548 2658 2812 3544
4
219 292 1284 1712 2334 2868 3112 3824
4
1728 2304 3072 4096 24759 33012 44016 58688
4
20708205 27610940 237140709 316187612 666758952 729729801 889011936 972973068
4
579 772 1800 2139 2400 2835 2852 3780
4
675 900 1161 1548 1773 2109 2364 2812
4
1101 1468 2358 2682 2988 3144 3576 3984
4
6426 8568 11424 15232 17928 23904 31872 42496
4
1017 1254 1356 1672 1713 2284 2610 3480
4
54 72 321 428 594 792 2496 3328
4
75 100 1077 1436 2169 2841 2892 3788
4
6885 9180 12240 13149 16320 17532 23376 31168
4
8856 11808 11808 15744 15744 20992 22842 30456
4
903 1014 1204 1352 1563 2084 2829 3772
4
321 428 786 1048 2610 2787 3480 3716
4
2781 3708 4944 6592 25191 33588 44784 59712
4
57 76 498 664 2193 2598 2924 3464
4
12 16 309 412 879 1172 1359 1812
4
81 108 336 448 1554 1683 2072 2244
4
978 1077 1304 1320 1436 1760 2037 2716
4
6 8 762 1016 1083 1444 1482 1976
4
345 460 534 712 828 1104 2559 3412
4
21044118 28058824 361111104 477514593 481481472 636686124 709429419 945905892
4
780 1040 1704 2272 2445 2556 3260 3408
4
123466683 137973837 164622244 183965116 231933468 309244624 700762188 934349584
4
8100 10098 10800 13464 14400 17952 19200 23936
4
233712015 279094479 311616020 372125972 408025548 544034064 733240959 977654612
4
15 20 369 492 651 868 2925 3900
1
750000000 1000000000
4
4055385 5407180 104386818 139182424 435348810 580465080 592000440 789333920
4
594 792 1626 2168 2499 2505 3332 3340
4
11178 14904 16308 21744 21744 28992 28992 38656
4
144052113 192069484 238091217 317454956 326998191 435997588 613998018 818664024
4
8532 11376 17928 23904 23904 31872 31872 42496
4
315 375 420 500 1035 1116 1380 1488
4
312 416 1071 1233 1428 1644 2475 3300
4
417 556 966 1288 1956 2608 2982 3976
4
89897052 106572621 119862736 142096828 273584526 364779368 379970610 506627480
4
72 96 429 572 705 940 2787 3716
4
879 906 1172 1208 1401 1626 1868 2168
4
168 224 456 608 1254 1672 1782 2376
4
528 704 1317 1737 1740 1756 2316 2320
4
7992 10656 14208 18711 18944 24948 33264 44352
4
1851 1908 1983 2187 2468 2544 2644 2916
4
156 208 1143 1524 1698 1809 2264 2412
4
2435316 3247088 161143977 214858636 370143003 493524004 581013474 774684632
4
3024 4032 4032 5376 5376 7168 14310 19080
4
365748858 469482045 487665144 540721266 625976060 720961688 748375659 997834212
4
39036126 52048168 118084677 157446236 443179239 590905652 615320490 820427320
4
15 20 63 84 1134 1512 1758 2344
4
166414797 221886396 552956820 590798859 708811611 737275760 787731812 945082148
4
18036 24048 24138 32184 32184 42912 42912 57216
4
205792848 274390464 499817271 506432970 578687904 666423028 675243960 771583872
4
435 580 1740 1878 2320 2504 2901 3868
4
660 880 2325 2535 2868 3100 3380 3824
4
51 68 1059 1412 2016 2688 2781 3708
4
432 576 840 1120 1446 1896 1928 2528
4
179020863 186378504 238694484 248504672 292511556 390015408 443954622 591939496
4
582 776 1332 1776 2667 2994 3556 3992
